117,16,65,16
0
0
0
0
0
0
14
14
14
14
12
0
0
0
0
0
0
0
0
0
0
14
14
0
0
0
0
0
12
12
0
0
0
0
0
0
0
8
0
0
0
0
0
0
0
0
0
12
0
0
0
0
0
8
0
0
0
0
0
0
0
0
0
0
0
12
0
0
0
8
0
0
0
0
0
0
0
0
0
0
0
0
0
12
0
0
8
0
0
0
0
0
0
0
0
0
0
0
0
0
12
0
8
0
0
0
0
0
0
0
0
0
0
0
0
0
0
0
12
8
0
0
0
0
0
0
0
0
0
0
0
0
0
0
0
12
8
0
0
0
0
0
0
0
0
0
0
0
0
0
0
0
12
8
0
0
0
0
0
0
0
0
0
0
0
0
0
0
0
12
8
0
0
0
0
0
0
0
0
0
0
0
0
0
0
0
12
0
8
0
0
0
0
0
0
0
0
0
0
0
0
0
12
0
0
8
0
0
0
0
0
0
0
0
0
0
0
0
0
12
0
0
0
8
0
0
0
0
0
0
0
0
0
0
0
12
0
0
0
0
0
8
0
0
0
0
0
0
0
0
0
12
0
0
0
0
0
0
0
14
14
0
0
0
0
0
12
12
0
0
0
0
0
0
0
0
0
0
14
14
14
14
12
0
0
0
0
0
0
