DERBYSHIRE
6
3
5
5
3
2
7
7
10
11
1
4
M. Di Venuto
81
74
14
12
0
74
2
3
0
3
0
3800
S. Stubbings
73
67
13
11
0
68
2
1
0
4
0
1900
H. Adnan
71
76
19
18
0
71
1
1
0
1
0
1800
J. Moss
78
82
42
49
1
77
1
3
0
2
0
3500
J. Bryant
72
69
11
15
0
71
1
3
0
3
0
1800
T. Friend
52
57
64
67
2
70
1
4
0
3
0
2400
L. Sutton
54
45
1
1
0
91
1
13
1
4
0
2700
A. Botha
39
32
65
73
2
69
2
7
0
2
0
2000
G. Welch
24
25
71
67
3
63
1
4
0
5
0
2100
T. Lungley
15
12
68
69
3
66
1
4
0
1
0
1700
K. Dean
12
11
70
73
3
67
2
10
0
4
0
2000
C. Bassano
69
74
14
11
0
70
1
2
0
3
0
1700
B. France
72
64
21
17
0
66
2
3
0
1
0
1700
M. Sheikh
56
63
58
67
2
69
2
3
0
3
0
1900
L. Goddard
43
41
1
1
0
90
1
13
1
1
0
1600
C. Paget
27
22
62
66
2
65
1
1
0
1
0
1400
I. Hunter
13
14
70
65
3
64
1
4
0
4
0
1700
P. Havell
14
16
69
63
3
69
1
4
0
2
0
1900