DURHAM
14
1
8
1
8
1
6
1
10
9
3
9
J. Lewis
77
72
12
14
0
74
1
3
0
3
0
3500
M. Gough
74
76
15
13
0
76
1
1
0
3
0
1900
M. Hussey
89
84
31
36
0
81
2
3
0
2
0
4200
P. Collingwood
83
86
65
68
1
85
1
3
0
3
1
4600
D. Benkenstein
79
74
15
16
0
72
1
1
0
4
0
3100
A. Pratt
65
57
1
1
0
91
2
13
1
4
0
2100
G. Breese
57
64
69
63
2
67
1
1
0
3
0
2200
L. Plunkett
36
35
74
72
3
64
1
5
0
1
0
2200
C. Thorp
32
27
77
73
3
70
1
4
0
2
0
4300
S. Harmison
13
16
91
86
3
66
1
6
0
2
1
5400
N. Killeen
12
14
75
78
3
65
1
4
0
3
0
1900
G. Muchall
74
67
17
14
0
72
1
3
0
2
0
1700
G. Pratt
71
74
13
11
0
77
2
1
0
2
0
1900
P. Mustard
53
46
1
1
0
92
2
13
1
4
0
2000
M. Turner
56
60
68
61
3
71
1
4
0
2
0
1800
G. Bridge
31
24
62
69
2
66
1
7
0
2
0
1900
A. Walker
16
15
71
73
3
67
2
4
0
2
0
1700
M. Davies
13
12
74
66
3
64
1
4
0
1
0
1600