ESSEX
24
14
4
14
1
2
7
2
10
9
8
11
W. Jefferson
77
81
15
13
0
74
1
3
0
1
0
2200
R. Irani
72
83
66
61
1
70
1
3
0
5
0
3400
A. Flower
84
82
15
13
0
80
2
1
0
4
0
2800
A. Cook
78
72
14
11
0
74
2
3
0
1
0
2200
G. Flower
76
79
25
20
0
77
1
1
0
4
0
2400
R. Bopara
69
75
53
58
1
76
1
3
0
2
0
2000
J. Foster
73
65
1
1
0
92
1
13
1
3
0
2200
A. Adams
51
59
80
76
3
68
1
4
0
3
0
3400
A. Tudor
25
24
82
80
3
65
1
4
0
3
0
2200
D. Gough
14
15
86
83
3
63
1
5
0
4
0
2800
D. Kaneria
12
16
85
78
2
69
1
2
0
2
0
3600
M. Pettini
76
72
14
12
0
75
1
3
0
2
0
1900
R. Ten Doeschate
68
77
47
41
1
76
1
3
0
1
0
1600
J. Middlebrook
70
62
61
60
2
67
1
1
0
5
0
2200
T. Phillips
42
33
58
67
2
74
2
7
0
2
0
1600
G. Napier
35
44
63
59
2
68
1
4
0
4
0
2000
A. Palladino
13
12
73
74
3
65
1
4
0
1
0
1700
A. Clarke
12
14
77
75
3
62
1
4
0
3
0
1700