1
18
6
5
9
13
14
7
15
19
2
12
3
11
4
10
8
17
5
1
6
7
9
15
13
18
19
14
3
16
8
11
10
2
17
12
1
19
7
9
13
14
15
5
18
6
3
8
10
17
11
4
12
16
7
1
9
5
13
6
15
14
19
18
2
8
3
10
4
12
16
11
1
9
14
6
15
13
18
7
19
5
2
4
10
8
11
12
17
16
1
15
5
13
6
9
7
19
18
14
2
3
4
8
16
10
17
11
1
13
6
19
14
5
15
7
18
9
3
4
8
16
10
12
17
2
5
7
6
1
9
14
13
19
18
15
2
11
8
12
16
4
17
3
1
14
5
18
7
13
15
6
19
9
4
17
11
10
12
3
16
2
18
1
5
6
13
9
7
14
19
15
12
2
11
3
10
4
17
8
1
5
7
6
15
9
18
13
14
19
16
3
11
8
2
10
12
17
19
1
9
7
14
13
5
15
6
18
8
3
17
10
4
11
16
12
1
7
5
9
6
13
14
15
18
19
8
2
10
3
12
4
11
16
9
1
6
14
13
15
7
18
5
19
4
2
8
10
12
11
16
17
15
1
5
13
9
6
19
7
14
18
3
2
8
4
10
16
11
17
13
1
19
6
5
14
7
15
9
18
4
3
16
8
12
10
2
17
7
5
1
6
14
9
19
13
15
18
11
2
12
8
4
16
3
17
14
1
18
5
13
7
6
15
9
19
17
4
10
11
3
12
2
16