GLAMORGAN
18
4
7
4
8
1
7
2
11
8
1
3
M. Elliot
85
77
11
14
0
81
2
9
0
4
0
4000
R. Croft
67
85
69
65
2
72
1
1
0
4
0
3200
S. Ganguly
84
86
37
43
1
79
2
3
0
4
0
5200
D. Hemp
75
72
18
16
0
73
1
3
0
3
0
2300
D. Cherry
77
70
11
13
0
80
2
3
0
1
0
1800
I. Thomas
66
80
27
20
0
74
2
1
0
3
0
1900
M. Wallace
61
57
1
1
0
90
2
13
1
3
0
2000
A. Wharf
44
62
83
79
3
70
1
4
0
4
0
2200
D. Harrison
29
36
73
71
3
64
1
4
0
3
0
1900
D. Cosker
26
19
68
76
2
61
1
7
0
4
0
2400
S. Jones
14
17
86
89
3
70
1
6
0
3
1
3300
J. Hughes
71
76
12
16
0
76
1
3
0
2
0
1500
M. Powell
73
74
17
15
0
64
1
1
0
5
0
2100
R. Grant
64
67
31
34
1
73
1
3
0
1
0
1500
A. Shaw
47
55
1
1
0
87
1
13
1
3
0
1600
D. Thomas
40
49
68
64
2
71
1
4
0
3
0
1800
A. Davies
19
25
76
68
3
65
1
4
0
2
0
2000
B. Wright
16
13
72
69
3
62
1
4
0
1
0
1400