GLOUCESTERSHIRE
12
3
1
3
1
1
6
2
9
11
1
8
C. Spearman
81
87
14
12
0
79
1
3
0
3
0
3800
C. Taylor
78
73
17
16
0
74
1
1
0
2
0
3600
M. Windows
74
68
13
11
0
75
1
7
0
3
0
2100
A. Gidman
67
76
58
60
1
76
1
3
0
1
0
1900
W. Weston
71
66
13
15
0
68
2
9
0
4
0
1900
S. Adshead
64
74
1
1
0
93
1
13
1
2
0
1800
M. Alleyne
57
64
69
62
1
65
1
3
0
5
0
2300
U. Chandana
42
51
76
73
2
63
1
2
0
2
0
3400
J. Lewis
19
15
82
81
3
69
1
4
0
2
1
2600
S. Kirby
15
13
77
69
3
66
1
5
0
2
0
2100
C. Greenidge
14
17
75
74
3
63
1
4
0
2
0
1900
J. Pearson
70
64
15
12
0
74
2
9
0
1
0
1600
M. Hardinges
67
69
23
27
0
70
1
3
0
3
0
1800
S. Snell
47
41
1
1
0
91
1
13
1
1
0
1700
I. Fisher
45
46
65
60
2
66
2
7
0
1
0
2100
R. Sillence
21
27
66
68
2
68
1
4
0
2
0
1700
M. Ball
17
14
69
75
2
65
1
1
0
4
0
1900
W. Rudge
14
12
72
67
3
62
1
4
0
2
0
1600