HAMPSHIRE
15
6
1
1
6
1
1
9
10
11
2
9
N. Pothas
72
79
1
1
0
94
1
13
1
3
0
2300
S. Katich
82
87
28
23
0
79
2
8
0
3
0
4200
J. Crawley
81
72
11
15
0
64
1
3
0
5
0
2400
K. Pietersen
89
93
22
17
0
75
1
1
0
2
1
5200
S. Ervine
69
75
66
61
1
76
1
4
0
4
0
2100
G. Lamb
64
71
28
22
0
69
1
1
0
3
0
2000
D. Mascarenhas
51
58
81
75
2
73
1
4
0
3
0
2100
S. Udal
40
33
69
74
2
67
1
1
0
4
0
2300
S. Warne
35
41
94
88
3
70
1
2
0
4
0
5600
C. Tremlett
14
13
82
81
3
64
1
4
0
2
1
2400
B. Taylor
11
14
76
71
3
67
2
4
0
4
0
1900
D. Kenway
75
69
14
12
0
68
1
3
0
5
0
1800
K. Latouf
73
67
17
18
0
75
1
3
0
1
0
1600
L. Prittipaul
58
63
53
47
1
74
1
3
0
4
0
1900
T. Burrows
45
40
1
1
0
91
1
13
1
2
0
1400
J. Tomlinson
17
15
73
69
3
70
2
10
0
1
0
1700
J. Logan
19
17
71
76
3
67
1
4
0
2
0
1900
J. Bruce
14
12
70
72
3
64
1
4
0
1
0
1600