KENT
12
4
6
4
6
1
5
3
6
10
2
6
R. Key
78
76
13
11
0
70
1
1
0
2
0
2600
M. Van Jaarsveld
81
83
15
13
0
76
1
3
0
4
0
3500
D. Fulton
77
72
12
14
0
72
1
7
0
5
0
2300
M. Carberry
71
73
19
17
0
75
2
1
0
2
0
1800
G. Jones
75
82
1
1
0
93
1
13
1
2
1
4800
A. Hall
68
78
79
83
3
77
1
4
0
3
0
4100
M. Walker
61
65
56
58
1
68
1
3
0
4
0
1900
J. Tredwell
43
41
63
66
2
65
1
1
0
3
0
2000
S. Cook
34
27
78
75
3
64
1
4
0
4
0
2300
M. Saggers
15
13
81
74
3
62
1
4
0
5
0
2400
R. Joseph
12
14
74
71
3
65
1
4
0
4
0
1900
J. Denly
73
67
15
12
0
68
1
2
0
1
0
1700
D. Stevens
68
74
35
40
0
66
1
3
0
4
0
1900
M. Dennington
47
50
67
61
1
69
1
3
0
2
0
1600
N. O'Brien
40
47
1
1
0
91
2
13
1
1
0
1600
R. Ferley
36
33
68
74
2
65
1
7
0
2
0
1800
A. Sheriyar
13
12
73
70
3
64
1
10
0
3
0
1700
D. Stiff
12
15
72
69
3
67
1
5
0
1
0
1500