LANCASHIRE
22
1
4
4
9
2
7
6
11
8
4
10
M. Loye
82
84
12
16
0
78
1
1
0
4
0
2600
I. Sutcliffe
74
66
16
14
0
69
2
2
0
4
0
2200
S. Law
84
76
17
12
0
72
1
1
0
4
0
2500
A. Symonds
81
88
63
67
1
81
1
1
0
3
0
5400
A. Flintoff
88
94
91
93
3
84
1
5
0
3
1
5800
M. Chilton
72
77
13
15
0
75
1
3
0
3
0
2700
G. Cross
48
54
1
1
0
91
1
13
1
2
0
1800
D. Cork
42
57
77
81
3
70
1
4
0
4
0
2700
S. Mahmood
27
24
78
74
2
62
1
5
0
2
0
1900
M. Muralitheran
13
18
94
89
3
68
1
1
0
4
0
6000
J. Anderson
15
11
83
76
3
65
2
5
0
2
1
2400
P. Horton
75
62
13
17
0
78
1
3
0
1
0
1400
T. Rees
70
72
17
14
0
69
1
1
0
1
0
1200
G. Chapple
47
51
69
66
3
65
1
4
0
5
0
2100
A. Crook
38
37
64
68
2
68
1
1
0
1
0
1200
K. Hogg
36
45
71
65
3
69
2
4
0
2
0
1400
S. Croft
15
12
72
68
3
74
1
4
0
1
0
1300
G. Keedy
13
11
75
78
2
63
2
7
0
4
0
1900