LEICESTERSHIRE
12
2
4
2
14
2
6
3
8
11
3
4
D. Maddy
76
82
48
45
1
79
1
3
0
3
0
2200
D. Robinson
73
70
12
14
0
74
1
3
0
4
0
1900
H. Ackerman
78
74
15
12
0
73
1
3
0
4
0
3200
D. Mongia
75
84
55
63
1
78
2
7
0
2
0
3000
A. Habib
71
77
16
18
0
77
1
3
0
3
0
2000
P. Nixon
59
56
1
1
0
92
2
13
1
4
0
2200
J. Snape
45
61
72
74
2
68
1
1
0
3
0
2500
O. Gibson
41
48
76
69
3
65
1
4
0
4
0
1900
C. Henderson
23
18
67
77
2
62
1
7
0
3
0
2300
C. Dagnall
13
16
74
73
3
68
1
4
0
2
0
1800
C. Willoughby
11
13
81
79
3
65
2
11
0
3
0
2400
J. Sadler
71
72
15
12
0
70
2
2
0
5
0
1600
J. Maunders
64
67
26
30
0
74
2
3
0
1
0
1500
T. New
72
65
1
1
0
90
2
13
1
1
0
1700
C. Liddle
38
34
61
66
2
68
1
7
0
1
0
1400
S. Broad
19
22
69
65
3
62
2
10
0
1
0
1800
D. Brignull
13
12
73
76
3
63
1
4
0
3
0
1700
D. Masters
15
14
77
71
3
66
1
4
0
5
0
1800