MIDDLESEX
24
1
4
1
4
1
9
1
10
7
5
7
E. Smith
81
74
13
15
0
76
1
3
0
3
0
2700
A. Strauss
89
84
12
16
0
80
2
9
0
3
1
4400
O. Shah
76
80
28
23
0
75
1
1
0
3
0
2200
E. Joyce
75
77
14
11
0
77
1
3
0
2
0
2300
S. Styris
78
86
70
74
2
77
1
3
0
3
0
4100
J. Dalrymple
68
76
59
55
1
80
1
1
0
2
0
1800
I. Pathan
53
67
84
82
3
74
2
11
0
3
0
4200
B. Hutton
45
43
66
72
2
75
2
4
0
1
0
2500
B. Scott
43
39
1
1
0
92
1
13
1
1
0
1700
A. Richardson
16
17
78
73
3
65
1
4
0
4
0
1800
C. Whelan
11
13
74
71
3
68
1
4
0
2
0
1600
N. Compton
71
67
13
17
0
74
1
1
0
1
0
1700
E. Morgan
70
75
11
12
0
76
1
3
0
1
0
1400
P. Weekes
68
74
43
50
1
67
1
1
0
5
0
2000
D. Nash
51
55
1
1
0
90
1
13
1
4
0
1800
B. Godleman
29
27
73
68
2
66
2
2
0
1
0
1500
M. Betts
14
12
71
74
3
63
1
4
0
4
0
1800
C. Keegan
15
16
76
69
3
69
1
4
0
2
0
2100