NORTHAMPTONSHIRE
15
5
1
1
5
2
6
1
10
7
3
7
D. Sales
79
75
14
12
0
78
1
3
0
3
0
3200
B. Shafayat
74
81
57
51
1
75
1
3
0
2
0
2300
M. Love
85
83
17
15
0
72
1
1
0
4
0
3600
U. Afzaal
76
80
28
26
0
76
2
7
0
3
0
2200
R. White
73
71
22
18
0
67
1
1
0
2
0
1900
G. Brophy
68
74
1
1
0
93
1
13
1
4
0
2100
D. Wright
61
56
81
77
3
74
1
4
0
2
0
3900
B. Phillips
56
53
75
72
2
68
1
4
0
3
0
2000
C. Pietersen
31
22
68
75
3
66
2
10
0
2
0
1800
J. Louw
14
15
82
78
3
65
1
5
0
3
0
2400
M. Panesar
13
12
77
76
2
62
2
7
0
1
0
1800
T. Roberts
75
67
12
14
0
74
1
1
0
3
0
2000
A. White
71
64
24
19
0
70
1
1
0
2
0
1700
S. Coverdale
51
53
65
60
1
67
1
1
0
1
0
1500
M. Wessels
55
50
1
1
0
92
1
13
1
1
0
1700
J. Brown
23
16
70
73
2
64
1
1
0
3
0
2100
R. King
12
15
72
69
3
67
1
10
0
1
0
1500
P. Jones
11
15
74
72
3
62
1
4
0
4
0
1900