NOTTINGHAMSHIRE
17
2
6
2
6
1
6
3
9
11
3
4
D. Bicknell
75
78
17
15
0
75
2
7
0
4
0
2000
G. Swann
71
83
74
72
2
77
1
1
0
2
0
2200
S. Fleming
86
81
13
12
0
81
2
1
0
4
0
3600
D. Hussey
84
77
20
27
0
84
1
1
0
2
0
3000
J. Gallian
76
74
16
18
0
74
1
3
0
3
0
2300
C. Read
65
70
1
1
0
95
1
13
1
2
0
2600
M. Ealham
55
63
61
69
2
68
1
3
0
4
0
2300
S. Patel
38
36
67
68
2
70
1
7
0
1
0
1800
R. Sidebottom
14
18
82
78
3
65
2
10
0
3
0
2100
C. Shreck
16
15
77
72
3
66
1
4
0
2
0
1900
A. Harris
12
14
75
73
3
62
1
4
0
3
0
2000
A. Singh
76
69
17
19
0
71
1
1
0
2
0
1600
R. Warren
73
67
12
15
0
74
1
1
0
5
0
1800
D. Alleyne
49
56
1
1
0
92
1
13
1
4
0
1600
P. McMahon
54
59
67
62
2
68
1
1
0
1
0
1400
G. Clough
41
50
69
63
2
65
1
3
0
3
0
1800
G. Smith
11
13
78
77
3
62
1
10
0
4
0
1900
R. Hodgkinson
15
11
71
74
3
68
1
4
0
2
0
1600