SCOTLAND
4
1
14
1
7
1
7
4
10
6
7
8
D. Lockhart
60
65
14
12
0
71
1
3
0
4
0
1500
F. Watts
61
59
12
15
0
68
1
3
0
3
0
1700
R. Watson
56
59
41
35
2
72
1
3
0
2
0
1600
S. Smith
59
63
15
13
0
75
1
1
0
3
0
2500
C. Wright
55
62
38
39
2
54
1
3
0
4
0
1600
G. Hamilton
43
47
53
57
3
61
2
4
0
5
0
2100
S. Coetzer
51
50
1
1
0
86
1
13
1
2
0
2400
Y. Arafat
35
26
55
58
2
69
1
4
0
4
0
2800
M. Haq
15
19
43
52
2
58
2
1
0
4
0
1700
P. Hoffmann
11
14
59
54
3
62
1
4
0
3
0
1400
A. Butt
12
14
50
56
3
53
1
9
0
4
0
1700
S. Knox
62
56
10
11
0
59
1
3
0
5
0
1400
G. Williamson
55
58
18
16
0
64
1
3
0
4
0
1300
C. Smith
56
58
1
1
0
82
1
13
1
2
0
1100
I. Stanger
41
44
50
47
1
72
1
3
0
5
0
1700
G. Goudie
17
15
47
51
3
52
1
4
0
3
0
1400
D. Nel
14
15
56
53
3
59
1
4
0
3
0
1600
J. Brinkley
14
18
55
53
3
54
1
3
0
1
0
1100