SOMERSET
10
12
1
1
12
2
7
6
10
11
2
10
M. Trescothick
92
88
31
37
0
85
2
3
0
3
1
5500
G. Smith
94
89
37
35
0
88
2
1
0
3
0
5700
M. Wood
73
77
12
14
0
81
1
1
0
2
0
2100
J. Hildreth
74
70
26
28
0
76
1
3
0
1
0
1700
K. Parsons
67
65
58
56
1
71
1
3
0
4
0
1900
I. Blackwell
70
82
50
54
2
73
2
7
0
3
0
3400
C. Gazzard
52
55
1
1
0
92
1
13
1
1
0
1400
W. Durston
44
57
62
64
2
77
1
1
0
2
0
1500
R. Johnson
21
29
75
71
3
69
1
4
0
4
0
2200
C. Langeveldt
15
17
78
80
3
64
1
5
0
2
0
3600
A. Caddick
14
11
79
76
3
58
1
4
0
5
0
2600
N. Edwards
71
72
16
12
0
76
2
2
0
1
0
1400
J. Francis
74
65
17
16
0
73
2
9
0
2
0
1600
A. Suppiah
67
63
56
51
2
77
1
7
0
1
0
1400
M. Munday
20
25
65
60
2
65
1
2
0
1
0
1200
M. Parsons
17
14
70
65
3
59
1
4
0
2
0
1300
G. Andrew
13
17
78
71
3
66
1
4
0
3
0
1900
S. Francis
15
13
75
73
3
71
1
5
0
3
0
2100