SURREY
16
1
9
1
9
1
2
3
10
11
7
9
J. Benning
70
78
34
32
0
74
1
3
0
2
0
1800
J. Batty
74
72
1
1
0
93
1
13
1
2
0
2100
M. Butcher
85
76
22
19
0
76
2
3
0
4
0
4800
M. Ramprakash
79
77
12
14
0
73
1
1
0
4
0
3600
A. Brown
75
85
13
11
0
70
1
1
0
4
0
2800
R. Clarke
60
63
70
64
2
73
1
4
0
2
0
2100
A. Mahmood
58
73
68
72
3
69
1
4
0
4
0
4100
M. Akram
46
53
77
74
3
66
1
4
0
2
0
1900
S. Mushtaq
17
14
82
75
2
68
1
1
0
5
0
2200
J. Ormond
14
16
78
73
3
65
1
5
0
3
0
2000
T. Murtagh
12
13
72
67
3
62
1
4
0
2
0
1900
S. Newman
75
67
15
12
0
68
2
3
0
2
0
1700
R. Clinton
71
72
18
14
0
76
2
3
0
1
0
1600
A. Hodd
46
54
1
1
0
90
1
13
1
2
0
1900
I. Salisbury
28
25
74
69
2
63
1
2
0
5
0
2200
P. Sampson
22
23
73
66
3
66
1
4
0
2
0
2000
N. Doshi
20
15
64
68
2
68
1
7
0
2
0
1700
N. Saker
13
11
67
65
3
70
1
4
0
1
0
1500