SUSSEX
18
9
7
9
7
2
5
3
11
9
9
10
R. Montgomerie
76
69
13
12
0
68
1
1
0
3
0
2100
I. Ward
78
79
14
16
0
74
2
3
0
3
0
2400
C. Adams
75
82
27
23
0
72
1
1
0
3
0
4100
M. Goodwin
80
74
14
11
0
74
1
2
0
4
0
2300
M. Prior
74
81
1
1
0
92
1
13
1
1
1
2400
M. Yardy
72
75
46
50
1
71
2
7
0
2
0
2100
J. Van Der Wath
51
43
67
72
3
76
1
4
0
2
0
1900
R. M-Jenkins
47
46
66
75
3
70
1
4
0
3
0
2100
N. Ul-Hasan
32
35
82
83
3
68
1
4
0
2
0
4200
M. Ahmed
16
14
87
81
2
65
1
2
0
4
0
4800
J. Kirtley
12
11
78
79
3
67
1
5
0
3
0
2500
N. Turk
71
74
12
14
0
70
1
3
0
1
0
1600
C. Hopkinson
69
70
20
23
0
74
1
3
0
2
0
1800
T. Ambrose
54
47
1
1
0
93
1
13
1
2
0
2100
C. Nash
47
55
59
61
2
72
1
1
0
1
0
1800
M. Davis
36
39
67
64
2
74
1
1
0
4
0
2000
L. Wright
28
34
70
68
3
68
1
4
0
2
0
1800
J. Lewry
13
14
73
74
3
67
2
10
0
4
0
2100