WARWICKSHIRE
16
9
3
9
3
2
9
1
10
7
7
10
N. Knight
84
80
13
11
0
79
2
3
0
4
0
3300
I. Westwood
76
68
16
14
0
76
2
1
0
1
0
1800
I. Trott
75
79
67
59
1
77
1
3
0
2
0
1900
I. Bell
87
78
26
31
0
80
1
3
0
2
1
4500
J. Troughton
77
78
17
14
0
74
2
7
0
2
0
2100
A. Loudon
71
79
74
66
2
77
1
1
0
2
0
2000
H. Streak
54
59
83
81
3
69
1
4
0
4
0
3300
A. Giles
45
41
77
84
2
72
1
7
0
3
1
5100
T. Frost
48
39
1
1
0
91
1
13
1
3
0
1800
M. Ntini
16
17
92
88
3
69
1
6
0
3
0
5400
J. Anyon
13
11
75
77
3
66
1
4
0
1
0
1900
M. Wagh
79
74
25
27
0
77
1
1
0
3
0
2100
M. Powell
74
73
14
11
0
68
1
1
0
5
0
2000
D. Brown
53
59
73
66
3
65
1
4
0
5
0
2100
K. Piper
47
41
1
1
0
92
1
13
1
4
0
1600
N. Carter
27
36
75
68
3
68
2
10
0
3
0
1900
D. Pretorius
15
13
78
71
3
70
1
5
0
3
0
2000
N. Tahir
12
11
68
72
3
66
1
4
0
1
0
1700