WORCESTERSHIRE
8
2
8
2
8
1
8
3
10
7
1
10
C. Gayle
81
87
53
59
1
76
2
1
0
2
0
4300
S. Moore
74
69
14
11
0
69
1
3
0
3
0
1900
V. Solanki
79
82
20
26
0
74
1
1
0
2
1
4000
G. Hick
82
75
14
16
0
68
1
1
0
5
0
2800
B. Smith
75
66
11
13
0
69
1
3
0
3
0
2200
D. Leatherdale
59
55
56
64
1
64
1
3
0
5
0
2000
K. Ali
48
56
78
71
3
73
1
5
0
3
0
2100
J. Pipe
47
41
1
1
0
92
1
13
1
4
0
2000
G. Batty
25
21
69
74
2
65
1
1
0
3
0
2200
S. Akhtar
13
17
92
87
3
68
1
6
0
3
0
4800
M. Mason
12
13
72
70
3
63
1
4
0
4
0
1900
S. Peters
73
65
14
12
0
73
1
1
0
2
0
1800
W. Gifford
70
63
11
13
0
74
1
3
0
1
0
1400
J. Knappett
51
49
1
1
0
90
1
13
1
1
0
1600
S. Khalid
57
64
52
51
1
72
1
1
0
3
0
1800
N. Malik
26
25
71
67
3
66
1
4
0
2
0
1900
S. Wedge
12
13
70
65
3
62
2
10
0
1
0
1700
R. Price
13
12
68
77
2
65
1
7
0
4
0
2400