YORKSHIRE
14
14
1
1
14
1
8
7
11
10
2
5
M. Wood
74
72
16
13
0
74
1
1
0
2
0
1900
I. Harvey
73
80
63
61
2
72
1
3
0
4
0
3800
M. Lumb
76
68
14
11
0
73
2
3
0
2
0
2000
M. Vaughan
87
79
33
37
0
77
1
1
0
3
1
5600
P. Jaques
78
83
12
11
0
78
2
9
0
2
0
3300
A. McGrath
71
75
54
48
1
66
1
3
0
3
0
2200
C. White
57
59
68
64
3
69
1
4
0
3
0
3600
I. Dawood
49
43
1
1
0
91
1
13
1
2
0
1800
R. Dawson
21
16
64
70
2
65
1
1
0
2
0
2300
C. Silverwood
13
16
77
75
3
68
1
5
0
4
0
2200
G. Kruis
12
11
78
73
3
64
1
4
0
3
0
2500
J. Sayers
72
67
18
20
0
71
2
1
0
1
0
1600
C. Taylor
69
64
12
13
0
69
1
3
0
1
0
1500
R. Pyrah
56
64
61
55
1
73
1
3
0
1
0
1900
S. Guy
41
46
1
1
0
92
1
13
1
1
0
1600
D. Lucas
26
31
68
62
3
68
1
10
0
1
0
1500
N. Thornicroft
14
12
69
72
3
65
1
4
0
2
0
1500
M. Lawson
15
11
74
65
2
62
1
2
0
1
0
1800